83	48.01 
77	47.97 
93	48.07 
86	48.03 
49	47.78 
62	47.87 
90	48.05 
63	47.87 
40	47.72 
72	47.93 
11	47.53 
67	47.90 
82	48.00 
62	47.87 
67	47.90 
29	47.65 
22	47.60 
69	47.91 
93	48.07 
11	47.53 
29	47.65 
21	47.59 
84	48.01 
98	48.11 
15	47.55 
13	47.54 
91	48.06 
56	47.83 
62	47.87 
96	48.09 
5	47.49 
84	48.01 
36	47.69 
46	47.76 
13	47.54 
24	47.61 
82	48.00 
14	47.55 
34	47.68 
43	47.74 
87	48.03 
76	47.96 
88	48.04 
3	47.48 
54	47.81 
32	47.67 
76	47.96 
39	47.71 
26	47.63 
94	48.08 
95	48.09 
34	47.68 
67	47.90 
97	48.10 
17	47.57 
52	47.80 
1	47.46 
86	48.03 
65	47.89 
44	47.75 
40	47.72 
31	47.66 
97	48.10 
81	47.99 
9	47.51 
67	47.90 
97	48.10 
86	48.03 
6	47.50 
19	47.58 
28	47.64 
32	47.67 
3	47.48 
70	47.92 
8	47.51 
40	47.72 
96	48.09 
18	47.57 
46	47.76 
21	47.59 
79	47.98 
64	47.88 
41	47.73 
93	48.07 
34	47.68 
24	47.61 
87	48.03 
43	47.74 
27	47.63 
59	47.85 
32	47.67 
37	47.70 
75	47.95 
74	47.95 
58	47.84 
29	47.65 
35	47.69 
18	47.57 
43	47.74 
28	47.64 
